2024-03-08 21:50:15.814900 - Ether / IP / UDP / DNS Qry "b'detectportal.firefox.com.'" 
2024-03-08 21:50:15.816495 - Ether / IP / UDP / DNS Qry "b'detectportal.firefox.com.'" 
2024-03-08 21:50:15.855609 - Ether / IP / UDP / DNS Ans "b'detectportal.prod.mozaws.net.'" 
2024-03-08 21:50:15.860243 - Ether / IP / UDP / DNS Ans "b'detectportal.prod.mozaws.net.'" 
2024-03-08 21:50:16.149689 - Ether / IP / UDP / DNS Qry "b'detectportal.firefox.com.'" 
2024-03-08 21:50:16.152680 - Ether / IP / UDP / DNS Ans "b'detectportal.prod.mozaws.net.'" 
2024-03-08 21:50:16.154364 - Ether / IP / UDP / DNS Qry "b'detectportal.firefox.com.'" 
2024-03-08 21:50:16.157820 - Ether / IP / UDP / DNS Ans "b'detectportal.prod.mozaws.net.'" 
2024-03-08 21:50:16.159502 - Ether / IP / TCP 172.24.99.60:44638 > 34.107.221.82:http S
2024-03-08 21:50:16.168083 - Ether / IP / TCP 34.107.221.82:http > 172.24.99.60:44638 SA
2024-03-08 21:50:16.169933 - Ether / IP / TCP 172.24.99.60:44638 > 34.107.221.82:http A
2024-03-08 21:50:16.171514 - Ether / IP / TCP 172.24.99.60:44638 > 34.107.221.82:http PA / Raw
2024-03-08 21:50:16.180454 - Ether / IP / TCP 34.107.221.82:http > 172.24.99.60:44638 A
2024-03-08 21:50:16.184181 - Ether / IP / TCP 34.107.221.82:http > 172.24.99.60:44638 PA / Raw
2024-03-08 21:50:16.186820 - Ether / IP / TCP 172.24.99.60:44638 > 34.107.221.82:http A
2024-03-08 21:50:16.248849 - Ether / IP / UDP / DNS Qry "b'example.org.'" 
2024-03-08 21:50:16.261447 - Ether / IP / UDP / DNS Qry "b'example.org.'" 
2024-03-08 21:50:16.264341 - Ether / IP / UDP / DNS Qry "b'ipv4only.arpa.'" 
2024-03-08 21:50:16.268230 - Ether / IP / UDP / DNS Qry "b'ipv4only.arpa.'" 
2024-03-08 21:50:16.271998 - Ether / IP / UDP / DNS Qry "b'detectportal.firefox.com.'" 
2024-03-08 21:50:16.273845 - Ether / IP / UDP / DNS Qry "b'detectportal.firefox.com.'" 
2024-03-08 21:50:16.277390 - Ether / IP / UDP / DNS Ans "b'detectportal.prod.mozaws.net.'" 
2024-03-08 21:50:16.280818 - Ether / IP / UDP / DNS Ans "b'detectportal.prod.mozaws.net.'" 
2024-03-08 21:50:16.282943 - Ether / IP / TCP 172.24.99.60:44646 > 34.107.221.82:http S
2024-03-08 21:50:16.286214 - Ether / IP / UDP / DNS Qry "b'detectportal.firefox.com.'" 
2024-03-08 21:50:16.289092 - Ether / IP / UDP / DNS Qry "b'detectportal.firefox.com.'" 
2024-03-08 21:50:16.292253 - Ether / IP / UDP / DNS Ans "b'detectportal.prod.mozaws.net.'" 
2024-03-08 21:50:16.295651 - Ether / IP / UDP / DNS Ans "b'detectportal.prod.mozaws.net.'" 
2024-03-08 21:50:16.297593 - Ether / IP / UDP / DNS Ans "93.184.216.34" 
2024-03-08 21:50:16.300299 - Ether / IP / TCP 34.107.221.82:http > 172.24.99.60:44646 SA
2024-03-08 21:50:16.303570 - Ether / IP / TCP 172.24.99.60:44646 > 34.107.221.82:http A
2024-03-08 21:50:16.306389 - Ether / IP / TCP 172.24.99.60:44646 > 34.107.221.82:http PA / Raw
2024-03-08 21:50:16.309732 - Ether / IP / UDP / DNS Ans "192.0.0.171" 
2024-03-08 21:50:16.316541 - Ether / IP / TCP 34.107.221.82:http > 172.24.99.60:44646 A
2024-03-08 21:50:16.319753 - Ether / IP / TCP 34.107.221.82:http > 172.24.99.60:44646 PA / Raw
2024-03-08 21:50:16.321572 - Ether / IP / TCP 172.24.99.60:44646 > 34.107.221.82:http A
2024-03-08 21:50:16.325054 - Ether / IP / UDP / DNS Ans 
2024-03-08 21:50:16.353388 - Ether / IP / UDP / DNS Qry "b'contile.services.mozilla.com.'" 
2024-03-08 21:50:16.355931 - Ether / IP / UDP / DNS Qry "b'contile.services.mozilla.com.'" 
2024-03-08 21:50:16.396213 - Ether / IP / UDP / DNS Ans "34.117.237.239" 
2024-03-08 21:50:16.398515 - Ether / IP / UDP / DNS Ans 
2024-03-08 21:50:16.399629 - Ether / IP / TCP 172.24.99.60:58076 > 34.117.237.239:https S
2024-03-08 21:50:16.410837 - Ether / IP / TCP 34.117.237.239:https > 172.24.99.60:58076 SA
2024-03-08 21:50:16.413213 - Ether / IP / TCP 172.24.99.60:58076 > 34.117.237.239:https A
2024-03-08 21:50:16.416009 - Ether / IP / TCP 172.24.99.60:58076 > 34.117.237.239:https PA / Raw
2024-03-08 21:50:16.427821 - Ether / IP / TCP 34.117.237.239:https > 172.24.99.60:58076 A
2024-03-08 21:50:16.431111 - Ether / IP / TCP 34.117.237.239:https > 172.24.99.60:58076 PA / Raw
2024-03-08 21:50:16.433052 - Ether / IP / TCP 172.24.99.60:58076 > 34.117.237.239:https A
2024-03-08 21:50:16.435992 - Ether / IP / TCP 34.117.237.239:https > 172.24.99.60:58076 PA / Raw
2024-03-08 21:50:16.438250 - Ether / IP / TCP 172.24.99.60:58076 > 34.117.237.239:https A
2024-03-08 21:50:16.482924 - Ether / IP / UDP / DNS Ans "2606:2800:220:1:248:1893:25c8:1946" 
2024-03-08 21:50:16.599117 - Ether / IP / UDP / DNS Qry "b'content-signature-2.cdn.mozilla.net.'" 
2024-03-08 21:50:16.601750 - Ether / IP / UDP / DNS Qry "b'content-signature-2.cdn.mozilla.net.'" 
2024-03-08 21:50:16.618826 - Ether / IP / UDP / DNS Qry "b'r3.o.lencr.org.'" 
2024-03-08 21:50:16.621156 - Ether / IP / UDP / DNS Qry "b'r3.o.lencr.org.'" 
2024-03-08 21:50:16.649710 - Ether / IP / UDP / DNS Ans "b'content-signature-chains.prod.autograph.services.mozaws.net.'" 
2024-03-08 21:50:16.653426 - Ether / IP / UDP / DNS Ans "b'content-signature-chains.prod.autograph.services.mozaws.net.'" 
2024-03-08 21:50:16.658758 - Ether / IP / TCP 172.24.99.60:39040 > 34.160.144.191:https S
2024-03-08 21:50:16.675929 - Ether / IP / TCP 34.160.144.191:https > 172.24.99.60:39040 SA
2024-03-08 21:50:16.677795 - Ether / IP / TCP 172.24.99.60:39040 > 34.160.144.191:https A
2024-03-08 21:50:16.680371 - Ether / IP / TCP 172.24.99.60:39040 > 34.160.144.191:https PA / Raw
2024-03-08 21:50:16.692394 - Ether / IP / UDP / DNS Ans "b'o.lencr.edgesuite.net.'" 
2024-03-08 21:50:16.695340 - Ether / IP / UDP / DNS Ans "b'o.lencr.edgesuite.net.'" 
2024-03-08 21:50:16.696858 - Ether / IP / TCP 34.160.144.191:https > 172.24.99.60:39040 A
2024-03-08 21:50:16.699196 - Ether / IP / TCP 34.160.144.191:https > 172.24.99.60:39040 A / Raw
2024-03-08 21:50:16.700816 - Ether / IP / TCP 172.24.99.60:39040 > 34.160.144.191:https A
2024-03-08 21:50:16.705213 - Ether / IP / TCP 34.160.144.191:https > 172.24.99.60:39040 PA / Raw
2024-03-08 21:50:16.707609 - Ether / IP / TCP 172.24.99.60:39040 > 34.160.144.191:https A
2024-03-08 21:50:16.710651 - Ether / IP / TCP 34.160.144.191:https > 172.24.99.60:39040 PA / Raw
2024-03-08 21:50:16.713164 - Ether / IP / TCP 172.24.99.60:39040 > 34.160.144.191:https A
2024-03-08 21:50:16.715364 - Ether / IP / TCP 172.24.99.60:39040 > 34.160.144.191:https PA / Raw
2024-03-08 21:50:16.718819 - Ether / IP / TCP 172.24.99.60:36576 > 118.98.77.121:http S
2024-03-08 21:50:16.722750 - Ether / IP / TCP 34.160.144.191:https > 172.24.99.60:39040 PA / Raw
2024-03-08 21:50:16.725104 - Ether / IP / TCP 34.160.144.191:https > 172.24.99.60:39040 PA / Raw
2024-03-08 21:50:16.765426 - Ether / IP / TCP 172.24.99.60:39040 > 34.160.144.191:https A
2024-03-08 21:50:16.767502 - Ether / IP / TCP 34.160.144.191:https > 172.24.99.60:39040 PA / Raw
2024-03-08 21:50:16.769397 - Ether / IP / TCP 172.24.99.60:39040 > 34.160.144.191:https A
2024-03-08 21:50:16.787450 - Ether / IP / UDP / DNS Qry "b'r3.o.lencr.org.'" 
2024-03-08 21:50:16.790662 - Ether / IP / UDP / DNS Ans "b'o.lencr.edgesuite.net.'" 
2024-03-08 21:50:16.792025 - Ether / IP / UDP / DNS Qry "b'r3.o.lencr.org.'" 
2024-03-08 21:50:16.794674 - Ether / IP / UDP / DNS Ans "b'o.lencr.edgesuite.net.'" 
2024-03-08 21:50:16.795919 - Ether / IP / TCP 172.24.99.60:36586 > 118.98.77.121:http S
2024-03-08 21:50:16.961842 - Ether / IP / UDP / DNS Qry "b'r3.o.lencr.org.'" 
2024-03-08 21:50:16.964477 - Ether / IP / UDP / DNS Ans "b'o.lencr.edgesuite.net.'" 
2024-03-08 21:50:16.966674 - Ether / IP / TCP 172.24.99.60:36592 > 118.98.77.121:http S
2024-03-08 21:50:17.043194 - Ether / IP / UDP / DNS Qry "b'r3.o.lencr.org.'" 
2024-03-08 21:50:17.045147 - Ether / IP / UDP / DNS Ans "b'o.lencr.edgesuite.net.'" 
2024-03-08 21:50:17.046968 - Ether / IP / TCP 172.24.99.60:36602 > 118.98.77.121:http S
2024-03-08 21:50:17.052437 - Ether / IP / TCP 118.98.77.121:http > 172.24.99.60:36602 SA
2024-03-08 21:50:17.053917 - Ether / IP / TCP 172.24.99.60:36602 > 118.98.77.121:http A
2024-03-08 21:50:17.054919 - Ether / IP / TCP 172.24.99.60:36602 > 118.98.77.121:http PA / Raw
2024-03-08 21:50:17.071222 - Ether / IP / TCP 118.98.77.121:http > 172.24.99.60:36602 A
2024-03-08 21:50:17.073092 - Ether / IP / TCP 118.98.77.121:http > 172.24.99.60:36602 PA / Raw
2024-03-08 21:50:17.074811 - Ether / IP / TCP 172.24.99.60:36602 > 118.98.77.121:http A
2024-03-08 21:50:17.076357 - Ether / IP / TCP 172.24.99.60:36602 > 118.98.77.121:http PA / Raw
2024-03-08 21:50:17.093380 - Ether / IP / TCP 118.98.77.121:http > 172.24.99.60:36602 A
2024-03-08 21:50:17.094454 - Ether / IP / TCP 118.98.77.121:http > 172.24.99.60:36602 PA / Raw
2024-03-08 21:50:17.137376 - Ether / IP / TCP 172.24.99.60:36602 > 118.98.77.121:http A
2024-03-08 21:50:17.196231 - Ether / IP / TCP 172.24.99.60:58076 > 34.117.237.239:https PA / Raw
2024-03-08 21:50:17.197449 - Ether / IP / TCP 172.24.99.60:58076 > 34.117.237.239:https PA / Raw
2024-03-08 21:50:17.198683 - Ether / IP / TCP 172.24.99.60:58076 > 34.117.237.239:https PA / Raw
2024-03-08 21:50:17.207921 - Ether / IP / TCP 34.117.237.239:https > 172.24.99.60:58076 PA / Raw
2024-03-08 21:50:17.209612 - Ether / IP / TCP 172.24.99.60:58076 > 34.117.237.239:https A
2024-03-08 21:50:17.211557 - Ether / IP / TCP 172.24.99.60:58076 > 34.117.237.239:https PA / Raw
2024-03-08 21:50:17.213552 - Ether / IP / TCP 34.117.237.239:https > 172.24.99.60:58076 A
2024-03-08 21:50:17.215876 - Ether / IP / TCP 34.117.237.239:https > 172.24.99.60:58076 PA / Raw
2024-03-08 21:50:17.219752 - Ether / IP / TCP 172.24.99.60:39040 > 34.160.144.191:https PA / Raw
2024-03-08 21:50:17.222469 - Ether / IP / TCP 172.24.99.60:39040 > 34.160.144.191:https PA / Raw
2024-03-08 21:50:17.225537 - Ether / IP / TCP 172.24.99.60:39040 > 34.160.144.191:https PA / Raw
2024-03-08 21:50:17.227270 - Ether / IP / TCP 34.117.237.239:https > 172.24.99.60:58076 A
2024-03-08 21:50:17.235125 - Ether / IP / TCP 34.160.144.191:https > 172.24.99.60:39040 A
2024-03-08 21:50:17.238004 - Ether / IP / TCP 34.160.144.191:https > 172.24.99.60:39040 PA / Raw
2024-03-08 21:50:17.239934 - Ether / IP / TCP 172.24.99.60:39040 > 34.160.144.191:https A
2024-03-08 21:50:17.242013 - Ether / IP / TCP 34.160.144.191:https > 172.24.99.60:39040 PA / Raw
2024-03-08 21:50:17.243129 - Ether / IP / TCP 172.24.99.60:39040 > 34.160.144.191:https A
2024-03-08 21:50:17.248116 - Ether / IP / TCP 34.160.144.191:https > 172.24.99.60:39040 PA / Raw
2024-03-08 21:50:17.250795 - Ether / IP / TCP 172.24.99.60:39040 > 34.160.144.191:https A
2024-03-08 21:50:17.252344 - Ether / IP / TCP 34.160.144.191:https > 172.24.99.60:39040 PA / Raw
2024-03-08 21:50:17.253714 - Ether / IP / TCP 172.24.99.60:39040 > 34.160.144.191:https A
2024-03-08 21:50:17.256385 - Ether / IP / TCP 34.160.144.191:https > 172.24.99.60:39040 A / Raw
2024-03-08 21:50:17.258183 - Ether / IP / TCP 172.24.99.60:39040 > 34.160.144.191:https A
2024-03-08 21:50:17.262014 - Ether / IP / TCP 34.160.144.191:https > 172.24.99.60:39040 PA / Raw
2024-03-08 21:50:17.265433 - Ether / IP / TCP 172.24.99.60:39040 > 34.160.144.191:https A
2024-03-08 21:50:17.267429 - Ether / IP / TCP 34.160.144.191:https > 172.24.99.60:39040 PA / Raw
2024-03-08 21:50:17.268994 - Ether / IP / TCP 172.24.99.60:39040 > 34.160.144.191:https A
2024-03-08 21:50:17.270819 - Ether / IP / TCP 172.24.99.60:39040 > 34.160.144.191:https PA / Raw
2024-03-08 21:50:17.272865 - Ether / IP / TCP 172.24.99.60:58076 > 34.117.237.239:https A
2024-03-08 21:50:17.276201 - Ether / IP / TCP 34.160.144.191:https > 172.24.99.60:39040 A
2024-03-08 21:50:17.382001 - Ether / IP / TCP 34.117.237.239:https > 172.24.99.60:58076 PA / Raw
2024-03-08 21:50:17.384379 - Ether / IP / TCP 172.24.99.60:58076 > 34.117.237.239:https A
2024-03-08 21:50:17.386193 - Ether / IP / TCP 172.24.99.60:58076 > 34.117.237.239:https PA / Raw
2024-03-08 21:50:17.391815 - Ether / IP / TCP 34.117.237.239:https > 172.24.99.60:58076 A
2024-03-08 21:50:17.393504 - Ether / IP / TCP 34.117.237.239:https > 172.24.99.60:58076 A
2024-03-08 21:50:17.607854 - Ether / IP / UDP / DNS Qry "b'push.services.mozilla.com.'" 
2024-03-08 21:50:17.609225 - Ether / IP / UDP / DNS Qry "b'push.services.mozilla.com.'" 
2024-03-08 21:50:17.651098 - Ether / IP / UDP / DNS Ans "b'autopush.prod.mozaws.net.'" 
2024-03-08 21:50:17.652491 - Ether / IP / UDP / DNS Ans "b'autopush.prod.mozaws.net.'" 
2024-03-08 21:50:17.654262 - Ether / IP / UDP / DNS Qry "b'autopush.prod.mozaws.net.'" 
2024-03-08 21:50:17.676743 - Ether / IP / UDP / DNS Qry "b'safebrowsing.googleapis.com.'" 
2024-03-08 21:50:17.677976 - Ether / IP / UDP / DNS Qry "b'safebrowsing.googleapis.com.'" 
2024-03-08 21:50:17.684961 - Ether / IP / UDP / DNS Ans 
2024-03-08 21:50:17.689210 - Ether / IP / UDP / DNS Qry "b'push.services.mozilla.com.'" 
2024-03-08 21:50:17.690705 - Ether / IP / UDP / DNS Qry "b'push.services.mozilla.com.'" 
2024-03-08 21:50:17.692226 - Ether / IP / UDP / DNS Ans "b'autopush.prod.mozaws.net.'" 
2024-03-08 21:50:17.693766 - Ether / IP / UDP / DNS Ans "b'autopush.prod.mozaws.net.'" 
2024-03-08 21:50:17.695160 - Ether / IP / UDP / DNS Qry "b'autopush.prod.mozaws.net.'" 
2024-03-08 21:50:17.700091 - Ether / IP / UDP / DNS Ans 
2024-03-08 21:50:17.701554 - Ether / IP / TCP 172.24.99.60:34608 > 34.107.243.93:https S
2024-03-08 21:50:17.714487 - Ether / IP / UDP / DNS Ans "64.233.170.95" 
2024-03-08 21:50:17.716336 - Ether / IP / UDP / DNS Ans "2404:6800:4003:c1a::5f" 
2024-03-08 21:50:17.717636 - Ether / IP / TCP 172.24.99.60:38034 > 64.233.170.95:https S
2024-03-08 21:50:17.734773 - Ether / IP / TCP 34.107.243.93:https > 172.24.99.60:34608 SA
2024-03-08 21:50:17.736612 - Ether / IP / TCP 172.24.99.60:34608 > 34.107.243.93:https A
2024-03-08 21:50:17.738712 - Ether / IP / TCP 172.24.99.60:36576 > 118.98.77.121:http S
2024-03-08 21:50:17.740399 - Ether / IP / TCP 172.24.99.60:34608 > 34.107.243.93:https PA / Raw
2024-03-08 21:50:17.746200 - Ether / IP / TCP 64.233.170.95:https > 172.24.99.60:38034 SA
2024-03-08 21:50:17.747539 - Ether / IP / TCP 172.24.99.60:38034 > 64.233.170.95:https A
2024-03-08 21:50:17.749669 - Ether / IP / TCP 172.24.99.60:38034 > 64.233.170.95:https PA / Raw
2024-03-08 21:50:17.758712 - Ether / IP / UDP / DNS Qry "b'incoming.telemetry.mozilla.org.'" 
2024-03-08 21:50:17.759970 - Ether / IP / UDP / DNS Qry "b'incoming.telemetry.mozilla.org.'" 
2024-03-08 21:50:17.771014 - Ether / IP / TCP 34.107.243.93:https > 172.24.99.60:34608 A
2024-03-08 21:50:17.773521 - Ether / IP / TCP 64.233.170.95:https > 172.24.99.60:38034 A
2024-03-08 21:50:17.784265 - Ether / IP / TCP 34.107.243.93:https > 172.24.99.60:34608 PA / Raw
2024-03-08 21:50:17.785919 - Ether / IP / TCP 172.24.99.60:34608 > 34.107.243.93:https A
2024-03-08 21:50:17.787131 - Ether / IP / TCP 34.107.243.93:https > 172.24.99.60:34608 PA / Raw
2024-03-08 21:50:17.788522 - Ether / IP / TCP 172.24.99.60:34608 > 34.107.243.93:https A
2024-03-08 21:50:17.789733 - Ether / IP / TCP 64.233.170.95:https > 172.24.99.60:38034 PA / Raw
2024-03-08 21:50:17.791040 - Ether / IP / TCP 172.24.99.60:38034 > 64.233.170.95:https A
2024-03-08 21:50:17.792577 - Ether / IP / TCP 64.233.170.95:https > 172.24.99.60:38034 PA / Raw
2024-03-08 21:50:17.795756 - Ether / IP / TCP 172.24.99.60:38034 > 64.233.170.95:https A
2024-03-08 21:50:17.797547 - Ether / IP / UDP / DNS Ans "b'telemetry-incoming.r53-2.services.mozilla.com.'" 
2024-03-08 21:50:17.799027 - Ether / IP / UDP / DNS Ans "b'telemetry-incoming.r53-2.services.mozilla.com.'" 
2024-03-08 21:50:17.800522 - Ether / IP / UDP / DNS Qry "b'telemetry-incoming.r53-2.services.mozilla.com.'" 
2024-03-08 21:50:17.802110 - Ether / IP / TCP 172.24.99.60:36586 > 118.98.77.121:http S
2024-03-08 21:50:17.854980 - Ether / IP / UDP / DNS Ans 
2024-03-08 21:50:17.856744 - Ether / IP / TCP 172.24.99.60:59222 > 34.120.208.123:https S
2024-03-08 21:50:17.864892 - Ether / IP / UDP / DNS Qry "b'r3.o.lencr.org.'" 
2024-03-08 21:50:17.866625 - Ether / IP / UDP / DNS Qry "b'r3.o.lencr.org.'" 
2024-03-08 21:50:17.868208 - Ether / IP / UDP / DNS Ans "b'o.lencr.edgesuite.net.'" 
2024-03-08 21:50:17.869990 - Ether / IP / UDP / DNS Ans "b'o.lencr.edgesuite.net.'" 
2024-03-08 21:50:17.871581 - Ether / IP / TCP 34.120.208.123:https > 172.24.99.60:59222 SA
2024-03-08 21:50:17.873139 - Ether / IP / TCP 172.24.99.60:59222 > 34.120.208.123:https A
2024-03-08 21:50:17.874875 - Ether / IP / TCP 172.24.99.60:59222 > 34.120.208.123:https PA / Raw
2024-03-08 21:50:17.877309 - Ether / IP / TCP 172.24.99.60:36602 > 118.98.77.121:http PA / Raw
2024-03-08 21:50:17.878840 - Ether / IP / UDP / DNS Qry "b'ocsp.pki.goog.'" 
2024-03-08 21:50:17.880507 - Ether / IP / UDP / DNS Qry "b'ocsp.pki.goog.'" 
2024-03-08 21:50:17.885480 - Ether / IP / TCP 34.120.208.123:https > 172.24.99.60:59222 A
2024-03-08 21:50:17.889763 - Ether / IP / TCP 34.120.208.123:https > 172.24.99.60:59222 A / Raw
2024-03-08 21:50:17.891221 - Ether / IP / TCP 172.24.99.60:59222 > 34.120.208.123:https A
2024-03-08 21:50:17.893132 - Ether / IP / TCP 34.120.208.123:https > 172.24.99.60:59222 PA / Raw
2024-03-08 21:50:17.894751 - Ether / IP / TCP 172.24.99.60:59222 > 34.120.208.123:https A
2024-03-08 21:50:17.896194 - Ether / IP / TCP 34.120.208.123:https > 172.24.99.60:59222 PA / Raw
2024-03-08 21:50:17.897492 - Ether / IP / TCP 172.24.99.60:59222 > 34.120.208.123:https A
2024-03-08 21:50:17.898775 - Ether / IP / TCP 118.98.77.121:http > 172.24.99.60:36602 A
2024-03-08 21:50:17.899895 - Ether / IP / TCP 118.98.77.121:http > 172.24.99.60:36602 PA / Raw
2024-03-08 21:50:17.901083 - Ether / IP / TCP 172.24.99.60:36602 > 118.98.77.121:http A
2024-03-08 21:50:17.917309 - Ether / IP / UDP / DNS Ans "b'pki-goog.l.google.com.'" 
2024-03-08 21:50:17.918609 - Ether / IP / UDP / DNS Ans "b'pki-goog.l.google.com.'" 
2024-03-08 21:50:17.920911 - Ether / IP / TCP 172.24.99.60:50170 > 64.233.170.94:http S
2024-03-08 21:50:17.939640 - Ether / IP / TCP 64.233.170.94:http > 172.24.99.60:50170 SA
2024-03-08 21:50:17.940963 - Ether / IP / TCP 172.24.99.60:50170 > 64.233.170.94:http A
2024-03-08 21:50:17.942357 - Ether / IP / TCP 172.24.99.60:50170 > 64.233.170.94:http PA / Raw
2024-03-08 21:50:17.945558 - Ether / IP / TCP 172.24.99.60:34608 > 34.107.243.93:https PA / Raw
2024-03-08 21:50:17.948185 - Ether / IP / TCP 172.24.99.60:34608 > 34.107.243.93:https PA / Raw
2024-03-08 21:50:17.955252 - Ether / IP / UDP / DNS Qry "b'ocsp.digicert.com.'" 
2024-03-08 21:50:17.959360 - Ether / IP / UDP / DNS Qry "b'ocsp.digicert.com.'" 
2024-03-08 21:50:17.963616 - Ether / IP / TCP 64.233.170.94:http > 172.24.99.60:50170 A
2024-03-08 21:50:17.965198 - Ether / IP / TCP 64.233.170.94:http > 172.24.99.60:50170 A
2024-03-08 21:50:17.966717 - Ether / IP / TCP 64.233.170.94:http > 172.24.99.60:50170 PA / Raw
2024-03-08 21:50:17.967876 - Ether / IP / TCP 172.24.99.60:50170 > 64.233.170.94:http A
2024-03-08 21:50:17.969716 - Ether / IP / TCP 34.107.243.93:https > 172.24.99.60:34608 PA / Raw
2024-03-08 21:50:17.971201 - Ether / IP / TCP 172.24.99.60:34608 > 34.107.243.93:https A
2024-03-08 21:50:17.972551 - Ether / IP / TCP 172.24.99.60:34608 > 34.107.243.93:https PA / Raw
2024-03-08 21:50:17.974069 - Ether / IP / TCP 34.107.243.93:https > 172.24.99.60:34608 PA / Raw
2024-03-08 21:50:17.975583 - Ether / IP / TCP 172.24.99.60:34612 > 34.107.243.93:https S
2024-03-08 21:50:17.977830 - Ether / IP / TCP 34.107.243.93:https > 172.24.99.60:34612 SA
2024-03-08 21:50:17.979595 - Ether / IP / TCP 172.24.99.60:34612 > 34.107.243.93:https A
2024-03-08 21:50:17.981609 - Ether / IP / TCP 172.24.99.60:34612 > 34.107.243.93:https PA / Raw
2024-03-08 21:50:17.991117 - Ether / IP / UDP / DNS Ans "b'ocsp.edge.digicert.com.'" 
2024-03-08 21:50:17.992991 - Ether / IP / UDP / DNS Ans "b'ocsp.edge.digicert.com.'" 
2024-03-08 21:50:17.994610 - Ether / IP / UDP / DNS Qry "b'fp2e7a.wpc.phicdn.net.'" 
2024-03-08 21:50:17.996185 - Ether / IP / TCP 34.107.243.93:https > 172.24.99.60:34612 A
2024-03-08 21:50:17.997797 - Ether / IP / TCP 172.24.99.60:36592 > 118.98.77.121:http S
2024-03-08 21:50:17.999394 - Ether / IP / TCP 34.107.243.93:https > 172.24.99.60:34612 PA / Raw
2024-03-08 21:50:18.001046 - Ether / IP / TCP 172.24.99.60:34612 > 34.107.243.93:https A
2024-03-08 21:50:18.002210 - Ether / IP / TCP 172.24.99.60:34612 > 34.107.243.93:https PA / Raw
2024-03-08 21:50:18.003282 - Ether / IP / TCP 34.107.243.93:https > 172.24.99.60:34608 A
2024-03-08 21:50:18.004645 - Ether / IP / TCP 172.24.99.60:34612 > 34.107.243.93:https PA / Raw
2024-03-08 21:50:18.013577 - Ether / IP / TCP 34.107.243.93:https > 172.24.99.60:34612 A
2024-03-08 21:50:18.015823 - Ether / IP / TCP 172.24.99.60:34608 > 34.107.243.93:https A
2024-03-08 21:50:18.022818 - Ether / IP / TCP 172.24.99.60:38034 > 64.233.170.95:https PA / Raw
2024-03-08 21:50:18.024179 - Ether / IP / TCP 172.24.99.60:38034 > 64.233.170.95:https PA / Raw
2024-03-08 21:50:18.025712 - Ether / IP / TCP 172.24.99.60:38034 > 64.233.170.95:https PA / Raw
2024-03-08 21:50:18.027325 - Ether / IP / UDP / DNS Ans 
2024-03-08 21:50:18.030169 - Ether / IP / TCP 172.24.99.60:50692 > 152.195.38.76:http S
2024-03-08 21:50:18.045145 - Ether / IP / TCP 64.233.170.95:https > 172.24.99.60:38034 PA / Raw
2024-03-08 21:50:18.046957 - Ether / IP / TCP 172.24.99.60:38034 > 64.233.170.95:https A
2024-03-08 21:50:18.048876 - Ether / IP / TCP 64.233.170.95:https > 172.24.99.60:38034 PA / Raw
2024-03-08 21:50:18.050339 - Ether / IP / TCP 172.24.99.60:38034 > 64.233.170.95:https A
2024-03-08 21:50:18.051715 - Ether / IP / TCP 172.24.99.60:38034 > 64.233.170.95:https PA / Raw
2024-03-08 21:50:18.053073 - Ether / IP / TCP 152.195.38.76:http > 172.24.99.60:50692 SA
2024-03-08 21:50:18.054386 - Ether / IP / TCP 172.24.99.60:50692 > 152.195.38.76:http A
2024-03-08 21:50:18.056715 - Ether / IP / TCP 172.24.99.60:50692 > 152.195.38.76:http PA / Raw
2024-03-08 21:50:18.058559 - Ether / IP / TCP 64.233.170.95:https > 172.24.99.60:38034 A
2024-03-08 21:50:18.060968 - Ether / IP / TCP 64.233.170.95:https > 172.24.99.60:38034 PA / Raw
2024-03-08 21:50:18.062229 - Ether / IP / TCP 64.233.170.95:https > 172.24.99.60:38034 PA / Raw
2024-03-08 21:50:18.063423 - Ether / IP / TCP 172.24.99.60:38034 > 64.233.170.95:https A
2024-03-08 21:50:18.064573 - Ether / IP / TCP 64.233.170.95:https > 172.24.99.60:38034 PA / Raw
2024-03-08 21:50:18.065871 - Ether / IP / TCP 64.233.170.95:https > 172.24.99.60:38034 PA / Raw
2024-03-08 21:50:18.067074 - Ether / IP / TCP 172.24.99.60:38034 > 64.233.170.95:https A
2024-03-08 21:50:18.068565 - Ether / IP / TCP 64.233.170.95:https > 172.24.99.60:38034 A / Raw
2024-03-08 21:50:18.070384 - Ether / IP / TCP 64.233.170.95:https > 172.24.99.60:38034 PA / Raw
2024-03-08 21:50:18.072300 - Ether / IP / TCP 172.24.99.60:38034 > 64.233.170.95:https A
2024-03-08 21:50:18.074022 - Ether / IP / TCP 64.233.170.95:https > 172.24.99.60:38034 A / Raw
2024-03-08 21:50:18.075378 - Ether / IP / TCP 64.233.170.95:https > 172.24.99.60:38034 PA / Raw
2024-03-08 21:50:18.077056 - Ether / IP / TCP 172.24.99.60:38034 > 64.233.170.95:https A
2024-03-08 21:50:18.078326 - Ether / IP / TCP 64.233.170.95:https > 172.24.99.60:38034 PA / Raw
2024-03-08 21:50:18.079877 - Ether / IP / TCP 172.24.99.60:38034 > 64.233.170.95:https PA / Raw
2024-03-08 21:50:18.081424 - Ether / IP / TCP 172.24.99.60:38034 > 64.233.170.95:https PA / Raw
2024-03-08 21:50:18.083127 - Ether / IP / TCP 172.24.99.60:38034 > 64.233.170.95:https FA
2024-03-08 21:50:18.085040 - Ether / IP / TCP 152.195.38.76:http > 172.24.99.60:50692 A
2024-03-08 21:50:18.086756 - Ether / IP / TCP 152.195.38.76:http > 172.24.99.60:50692 PA / Raw
2024-03-08 21:50:18.088175 - Ether / IP / TCP 172.24.99.60:50692 > 152.195.38.76:http A
2024-03-08 21:50:18.092804 - Ether / IP / TCP 64.233.170.95:https > 172.24.99.60:38034 A
2024-03-08 21:50:18.094238 - Ether / IP / TCP 64.233.170.95:https > 172.24.99.60:38034 A
2024-03-08 21:50:18.096138 - Ether / IP / TCP 64.233.170.95:https > 172.24.99.60:38034 A
2024-03-08 21:50:18.097764 - Ether / IP / TCP 64.233.170.95:https > 172.24.99.60:38034 A
2024-03-08 21:50:18.099078 - Ether / IP / TCP 64.233.170.95:https > 172.24.99.60:38034 FA
2024-03-08 21:50:18.100309 - Ether / IP / TCP 172.24.99.60:38034 > 64.233.170.95:https A
2024-03-08 21:50:18.110899 - Ether / IP / UDP / DNS Qry "b'firefox.settings.services.mozilla.com.'" 
2024-03-08 21:50:18.113397 - Ether / IP / UDP / DNS Qry "b'firefox.settings.services.mozilla.com.'" 
2024-03-08 21:50:18.136955 - Ether / IP / TCP 172.24.99.60:59222 > 34.120.208.123:https PA / Raw
2024-03-08 21:50:18.138340 - Ether / IP / TCP 172.24.99.60:59222 > 34.120.208.123:https PA / Raw
2024-03-08 21:50:18.141353 - Ether / IP / TCP 172.24.99.60:59222 > 34.120.208.123:https PA / Raw
2024-03-08 21:50:18.145448 - Ether / IP / TCP 172.24.99.60:59222 > 34.120.208.123:https PA / Raw
2024-03-08 21:50:18.148314 - Ether / IP / UDP / DNS Ans "b'prod.remote-settings.prod.webservices.mozgcp.net.'" 
2024-03-08 21:50:18.150272 - Ether / IP / UDP / DNS Qry "b'prod.remote-settings.prod.webservices.mozgcp.net.'" 
2024-03-08 21:50:18.152409 - Ether / IP / UDP / DNS Ans "b'prod.remote-settings.prod.webservices.mozgcp.net.'" 
2024-03-08 21:50:18.153675 - Ether / IP / TCP 34.120.208.123:https > 172.24.99.60:59222 PA / Raw
2024-03-08 21:50:18.154847 - Ether / IP / TCP 172.24.99.60:59222 > 34.120.208.123:https A
2024-03-08 21:50:18.156891 - Ether / IP / TCP 34.120.208.123:https > 172.24.99.60:59222 A
2024-03-08 21:50:18.159545 - Ether / IP / TCP 34.120.208.123:https > 172.24.99.60:59222 PA / Raw
2024-03-08 21:50:18.164972 - Ether / IP / TCP 172.24.99.60:59222 > 34.120.208.123:https A
2024-03-08 21:50:18.167083 - Ether / IP / TCP 172.24.99.60:59222 > 34.120.208.123:https PA / Raw
2024-03-08 21:50:18.168314 - Ether / IP / TCP 34.120.208.123:https > 172.24.99.60:59222 A
2024-03-08 21:50:18.180638 - Ether / IP / UDP / DNS Ans 
2024-03-08 21:50:18.195146 - Ether / IP / TCP 34.107.243.93:https > 172.24.99.60:34612 PA / Raw
2024-03-08 21:50:18.237373 - Ether / IP / TCP 172.24.99.60:34612 > 34.107.243.93:https A
2024-03-08 21:50:18.276074 - Ether / IP / TCP 172.24.99.60:57436 > 34.149.100.209:https S
2024-03-08 21:50:18.287612 - Ether / IP / TCP 34.149.100.209:https > 172.24.99.60:57436 SA
2024-03-08 21:50:18.289360 - Ether / IP / TCP 172.24.99.60:57436 > 34.149.100.209:https A
2024-03-08 21:50:18.290905 - Ether / IP / TCP 172.24.99.60:57436 > 34.149.100.209:https PA / Raw
2024-03-08 21:50:18.302585 - Ether / IP / TCP 34.149.100.209:https > 172.24.99.60:57436 A
2024-03-08 21:50:18.306803 - Ether / IP / TCP 34.149.100.209:https > 172.24.99.60:57436 PA / Raw
2024-03-08 21:50:18.308308 - Ether / IP / TCP 172.24.99.60:57436 > 34.149.100.209:https A
2024-03-08 21:50:18.310248 - Ether / IP / TCP 34.149.100.209:https > 172.24.99.60:57436 PA / Raw
2024-03-08 21:50:18.311859 - Ether / IP / TCP 172.24.99.60:57436 > 34.149.100.209:https A
2024-03-08 21:50:18.318627 - Ether / IP / TCP 172.24.99.60:34612 > 34.107.243.93:https PA / Raw
2024-03-08 21:50:18.320546 - Ether / IP / TCP 172.24.99.60:36602 > 118.98.77.121:http PA / Raw
2024-03-08 21:50:18.321849 - Ether / IP / UDP / DNS Qry "b'r3.o.lencr.org.'" 
2024-03-08 21:50:18.323748 - Ether / IP / UDP / DNS Qry "b'r3.o.lencr.org.'" 
2024-03-08 21:50:18.325508 - Ether / IP / UDP / DNS Ans "b'o.lencr.edgesuite.net.'" 
2024-03-08 21:50:18.327045 - Ether / IP / UDP / DNS Ans "b'o.lencr.edgesuite.net.'" 
2024-03-08 21:50:18.330784 - Ether / IP / TCP 118.98.77.121:http > 172.24.99.60:36602 A
2024-03-08 21:50:18.334533 - Ether / IP / TCP 118.98.77.121:http > 172.24.99.60:36602 PA / Raw
2024-03-08 21:50:18.336150 - Ether / IP / TCP 172.24.99.60:36602 > 118.98.77.121:http A
2024-03-08 21:50:18.337772 - Ether / IP / TCP 34.107.243.93:https > 172.24.99.60:34612 A
2024-03-08 21:50:18.342996 - Ether / IP / TCP 172.24.99.60:57436 > 34.149.100.209:https PA / Raw
2024-03-08 21:50:18.344530 - Ether / IP / TCP 172.24.99.60:57436 > 34.149.100.209:https PA / Raw
2024-03-08 21:50:18.354551 - Ether / IP / TCP 34.149.100.209:https > 172.24.99.60:57436 PA / Raw
2024-03-08 21:50:18.356312 - Ether / IP / TCP 172.24.99.60:57436 > 34.149.100.209:https PA / Raw
2024-03-08 21:50:18.357739 - Ether / IP / TCP 34.149.100.209:https > 172.24.99.60:57436 PA / Raw
2024-03-08 21:50:18.373118 - Ether / IP / TCP 34.149.100.209:https > 172.24.99.60:57436 A
2024-03-08 21:50:18.388327 - Ether / IP / TCP 34.120.208.123:https > 172.24.99.60:59222 PA / Raw
2024-03-08 21:50:18.390230 - Ether / IP / TCP 34.120.208.123:https > 172.24.99.60:59222 PA / Raw
2024-03-08 21:50:18.392229 - Ether / IP / TCP 34.120.208.123:https > 172.24.99.60:59222 PA / Raw
2024-03-08 21:50:18.393639 - Ether / IP / TCP 172.24.99.60:59222 > 34.120.208.123:https A
2024-03-08 21:50:18.396004 - Ether / IP / TCP 172.24.99.60:59222 > 34.120.208.123:https PA / Raw
2024-03-08 21:50:18.397843 - Ether / IP / TCP 172.24.99.60:57436 > 34.149.100.209:https A
2024-03-08 21:50:18.412305 - Ether / IP / TCP 34.120.208.123:https > 172.24.99.60:59222 A
2024-03-08 21:50:18.443656 - Ether / IP / UDP / DNS Qry "b'incoming.telemetry.mozilla.org.'" 
2024-03-08 21:50:18.445409 - Ether / IP / UDP / DNS Qry "b'incoming.telemetry.mozilla.org.'" 
2024-03-08 21:50:18.447352 - Ether / IP / UDP / DNS Ans "b'telemetry-incoming.r53-2.services.mozilla.com.'" 
2024-03-08 21:50:18.449141 - Ether / IP / UDP / DNS Ans "b'telemetry-incoming.r53-2.services.mozilla.com.'" 
2024-03-08 21:50:18.450625 - Ether / IP / UDP / DNS Qry "b'telemetry-incoming.r53-2.services.mozilla.com.'" 
2024-03-08 21:50:18.459587 - Ether / IP / UDP / DNS Ans 
2024-03-08 21:50:18.462939 - Ether / IP / TCP 172.24.99.60:59222 > 34.120.208.123:https PA / Raw
2024-03-08 21:50:18.464204 - Ether / IP / TCP 172.24.99.60:59222 > 34.120.208.123:https PA / Raw
2024-03-08 21:50:18.477697 - Ether / IP / TCP 34.120.208.123:https > 172.24.99.60:59222 A
2024-03-08 21:50:18.479098 - Ether / IP / TCP 34.120.208.123:https > 172.24.99.60:59222 A
2024-03-08 21:50:18.502098 - Ether / IP / TCP 34.107.243.93:https > 172.24.99.60:34612 PA / Raw
2024-03-08 21:50:18.503671 - Ether / IP / TCP 172.24.99.60:34612 > 34.107.243.93:https A
2024-03-08 21:50:18.543851 - Ether / IP / UDP / DNS Qry "b'incoming.telemetry.mozilla.org.'" 
2024-03-08 21:50:18.545817 - Ether / IP / UDP / DNS Qry "b'incoming.telemetry.mozilla.org.'" 
2024-03-08 21:50:18.547518 - Ether / IP / UDP / DNS Ans "b'telemetry-incoming.r53-2.services.mozilla.com.'" 
2024-03-08 21:50:18.549022 - Ether / IP / UDP / DNS Ans "b'telemetry-incoming.r53-2.services.mozilla.com.'" 
2024-03-08 21:50:18.550485 - Ether / IP / UDP / DNS Qry "b'telemetry-incoming.r53-2.services.mozilla.com.'" 
2024-03-08 21:50:18.553244 - Ether / IP / UDP / DNS Ans 
2024-03-08 21:50:18.554850 - Ether / IP / TCP 172.24.99.60:59222 > 34.120.208.123:https PA / Raw
2024-03-08 21:50:18.556532 - Ether / IP / TCP 172.24.99.60:59222 > 34.120.208.123:https PA / Raw
2024-03-08 21:50:18.557899 - Ether / IP / TCP 172.24.99.60:59236 > 34.120.208.123:https S
2024-03-08 21:50:18.569278 - Ether / IP / TCP 34.120.208.123:https > 172.24.99.60:59222 A
2024-03-08 21:50:18.570864 - Ether / IP / TCP 34.120.208.123:https > 172.24.99.60:59222 A
2024-03-08 21:50:18.573769 - Ether / IP / TCP 34.120.208.123:https > 172.24.99.60:59236 SA
2024-03-08 21:50:18.575723 - Ether / IP / TCP 172.24.99.60:59236 > 34.120.208.123:https A
2024-03-08 21:50:18.577080 - Ether / IP / TCP 172.24.99.60:59236 > 34.120.208.123:https PA / Raw
2024-03-08 21:50:18.578479 - Ether / IP / UDP / DNS Qry "b'incoming.telemetry.mozilla.org.'" 
2024-03-08 21:50:18.580648 - Ether / IP / UDP / DNS Ans "b'telemetry-incoming.r53-2.services.mozilla.com.'" 
2024-03-08 21:50:18.582080 - Ether / IP / UDP / DNS Qry "b'incoming.telemetry.mozilla.org.'" 
2024-03-08 21:50:18.584028 - Ether / IP / UDP / DNS Ans "b'telemetry-incoming.r53-2.services.mozilla.com.'" 
2024-03-08 21:50:18.585523 - Ether / IP / UDP / DNS Qry "b'telemetry-incoming.r53-2.services.mozilla.com.'" 
2024-03-08 21:50:18.587245 - Ether / IP / TCP 172.24.99.60:59222 > 34.120.208.123:https PA / Raw
2024-03-08 21:50:18.589568 - Ether / IP / TCP 172.24.99.60:59222 > 34.120.208.123:https PA / Raw
2024-03-08 21:50:18.591107 - Ether / IP / UDP / DNS Ans 
2024-03-08 21:50:18.592731 - Ether / IP / TCP 34.120.208.123:https > 172.24.99.60:59236 A
2024-03-08 21:50:18.593987 - Ether / IP / TCP 34.120.208.123:https > 172.24.99.60:59236 PA / Raw
2024-03-08 21:50:18.595128 - Ether / IP / TCP 172.24.99.60:59236 > 34.120.208.123:https A
2024-03-08 21:50:18.597099 - Ether / IP / TCP 34.120.208.123:https > 172.24.99.60:59236 PA / Raw
2024-03-08 21:50:18.598533 - Ether / IP / TCP 172.24.99.60:59236 > 34.120.208.123:https A
2024-03-08 21:50:18.600130 - Ether / IP / TCP 172.24.99.60:59236 > 34.120.208.123:https PA / Raw
2024-03-08 21:50:18.601369 - Ether / IP / TCP 34.120.208.123:https > 172.24.99.60:59222 A
2024-03-08 21:50:18.604831 - Ether / IP / TCP 34.120.208.123:https > 172.24.99.60:59222 A
2024-03-08 21:50:18.606847 - Ether / IP / TCP 34.120.208.123:https > 172.24.99.60:59236 PA / Raw
2024-03-08 21:50:18.608226 - Ether / IP / TCP 34.120.208.123:https > 172.24.99.60:59236 PA / Raw
2024-03-08 21:50:18.610504 - Ether / IP / TCP 172.24.99.60:59236 > 34.120.208.123:https PA / Raw
2024-03-08 21:50:18.612479 - Ether / IP / TCP 172.24.99.60:59236 > 34.120.208.123:https PA / Raw
2024-03-08 21:50:18.614297 - Ether / IP / TCP 172.24.99.60:59236 > 34.120.208.123:https FA
2024-03-08 21:50:18.622650 - Ether / IP / TCP 34.120.208.123:https > 172.24.99.60:59236 A
2024-03-08 21:50:18.624155 - Ether / IP / TCP 34.120.208.123:https > 172.24.99.60:59236 PA / Raw
2024-03-08 21:50:18.625897 - Ether / IP / TCP 172.24.99.60:59236 > 34.120.208.123:https R
2024-03-08 21:50:18.627193 - Ether / IP / TCP 34.120.208.123:https > 172.24.99.60:59236 A
2024-03-08 21:50:18.628836 - Ether / IP / TCP 172.24.99.60:59236 > 34.120.208.123:https R
2024-03-08 21:50:18.630199 - Ether / IP / TCP 34.120.208.123:https > 172.24.99.60:59236 FA
2024-03-08 21:50:18.631781 - Ether / IP / TCP 172.24.99.60:59236 > 34.120.208.123:https R
2024-03-08 21:50:18.716246 - Ether / IP / TCP 34.120.208.123:https > 172.24.99.60:59222 PA / Raw
2024-03-08 21:50:18.717748 - Ether / IP / TCP 34.120.208.123:https > 172.24.99.60:59222 PA / Raw
2024-03-08 21:50:18.719262 - Ether / IP / TCP 34.120.208.123:https > 172.24.99.60:59222 PA / Raw
2024-03-08 21:50:18.721074 - Ether / IP / TCP 172.24.99.60:59222 > 34.120.208.123:https A
2024-03-08 21:50:18.722094 - Ether / IP / TCP 172.24.99.60:59222 > 34.120.208.123:https PA / Raw
2024-03-08 21:50:18.734131 - Ether / IP / TCP 34.120.208.123:https > 172.24.99.60:59222 A
2024-03-08 21:50:18.744069 - Ether / IP / UDP / DNS Qry "b'incoming.telemetry.mozilla.org.'" 
2024-03-08 21:50:18.745565 - Ether / IP / UDP / DNS Qry "b'incoming.telemetry.mozilla.org.'" 
2024-03-08 21:50:18.747619 - Ether / IP / UDP / DNS Ans "b'telemetry-incoming.r53-2.services.mozilla.com.'" 
2024-03-08 21:50:18.749721 - Ether / IP / UDP / DNS Ans "b'telemetry-incoming.r53-2.services.mozilla.com.'" 
2024-03-08 21:50:18.751251 - Ether / IP / UDP / DNS Qry "b'telemetry-incoming.r53-2.services.mozilla.com.'" 
2024-03-08 21:50:18.753297 - Ether / IP / TCP 172.24.99.60:59222 > 34.120.208.123:https PA / Raw
2024-03-08 21:50:18.755032 - Ether / IP / TCP 172.24.99.60:59222 > 34.120.208.123:https PA / Raw
2024-03-08 21:50:18.756329 - Ether / IP / UDP / DNS Ans 
2024-03-08 21:50:18.761557 - Ether / IP / TCP 172.24.99.60:36576 > 118.98.77.121:http S
2024-03-08 21:50:18.762661 - Ether / IP / TCP 34.120.208.123:https > 172.24.99.60:59222 A
2024-03-08 21:50:18.764401 - Ether / IP / TCP 34.120.208.123:https > 172.24.99.60:59222 A
2024-03-08 21:50:18.816165 - Ether / IP / TCP 34.120.208.123:https > 172.24.99.60:59222 PA / Raw
2024-03-08 21:50:18.819777 - Ether / IP / TCP 34.120.208.123:https > 172.24.99.60:59222 PA / Raw
2024-03-08 21:50:18.821074 - Ether / IP / TCP 34.120.208.123:https > 172.24.99.60:59222 PA / Raw
2024-03-08 21:50:18.822857 - Ether / IP / TCP 172.24.99.60:59222 > 34.120.208.123:https A
2024-03-08 21:50:18.824435 - Ether / IP / TCP 172.24.99.60:59222 > 34.120.208.123:https PA / Raw
2024-03-08 21:50:18.825617 - Ether / IP / TCP 34.120.208.123:https > 172.24.99.60:59222 PA / Raw
2024-03-08 21:50:18.827025 - Ether / IP / TCP 34.120.208.123:https > 172.24.99.60:59222 PA / Raw
2024-03-08 21:50:18.828569 - Ether / IP / TCP 172.24.99.60:59222 > 34.120.208.123:https A
2024-03-08 21:50:18.829982 - Ether / IP / TCP 172.24.99.60:36586 > 118.98.77.121:http S
2024-03-08 21:50:18.832465 - Ether / IP / TCP 34.120.208.123:https > 172.24.99.60:59222 A
2024-03-08 21:50:19.017604 - Ether / IP / TCP 172.24.99.60:36592 > 118.98.77.121:http S
2024-03-08 21:50:19.028532 - Ether / IP / UDP / DNS Qry "b'www.google.com.'" 
2024-03-08 21:50:19.030219 - Ether / IP / UDP / DNS Qry "b'www.google.com.'" 
2024-03-08 21:50:19.035653 - Ether / IP / TCP 34.120.208.123:https > 172.24.99.60:59222 PA / Raw
2024-03-08 21:50:19.038269 - Ether / IP / TCP 34.120.208.123:https > 172.24.99.60:59222 PA / Raw
2024-03-08 21:50:19.039553 - Ether / IP / TCP 34.120.208.123:https > 172.24.99.60:59222 PA / Raw
2024-03-08 21:50:19.040864 - Ether / IP / TCP 172.24.99.60:59222 > 34.120.208.123:https A
2024-03-08 21:50:19.042182 - Ether / IP / TCP 172.24.99.60:59222 > 34.120.208.123:https PA / Raw
2024-03-08 21:50:19.050037 - Ether / IP / TCP 34.120.208.123:https > 172.24.99.60:59222 A
2024-03-08 21:50:19.057109 - Ether / IP / UDP / DNS Qry "b'incoming.telemetry.mozilla.org.'" 
2024-03-08 21:50:19.058864 - Ether / IP / UDP / DNS Qry "b'incoming.telemetry.mozilla.org.'" 
2024-03-08 21:50:19.060415 - Ether / IP / UDP / DNS Ans "b'telemetry-incoming.r53-2.services.mozilla.com.'" 
2024-03-08 21:50:19.062309 - Ether / IP / UDP / DNS Ans "b'telemetry-incoming.r53-2.services.mozilla.com.'" 
2024-03-08 21:50:19.064009 - Ether / IP / UDP / DNS Qry "b'telemetry-incoming.r53-2.services.mozilla.com.'" 
2024-03-08 21:50:19.066402 - Ether / IP / UDP / DNS Ans "142.251.12.103" 
2024-03-08 21:50:19.067862 - Ether / IP / TCP 172.24.99.60:59222 > 34.120.208.123:https PA / Raw
2024-03-08 21:50:19.069518 - Ether / IP / UDP / DNS Ans 
2024-03-08 21:50:19.070972 - Ether / IP / TCP 172.24.99.60:59222 > 34.120.208.123:https PA / Raw
2024-03-08 21:50:19.072510 - Ether / IP / TCP 34.120.208.123:https > 172.24.99.60:59222 A
2024-03-08 21:50:19.092123 - Ether / IP / TCP 34.120.208.123:https > 172.24.99.60:59222 A
2024-03-08 21:50:19.094581 - Ether / IP / UDP / DNS Ans "2404:6800:4003:c11::69" 
2024-03-08 21:50:19.096045 - Ether / IP / TCP 172.24.99.60:36310 > 142.251.12.103:https S
2024-03-08 21:50:19.108895 - Ether / IP / TCP 172.24.99.60:36326 > 142.251.12.103:https S
2024-03-08 21:50:19.123935 - Ether / IP / TCP 142.251.12.103:https > 172.24.99.60:36310 SA
2024-03-08 21:50:19.125398 - Ether / IP / TCP 172.24.99.60:36310 > 142.251.12.103:https A
2024-03-08 21:50:19.127395 - Ether / IP / TCP 142.251.12.103:https > 172.24.99.60:36326 SA
2024-03-08 21:50:19.128684 - Ether / IP / TCP 172.24.99.60:36326 > 142.251.12.103:https A
2024-03-08 21:50:19.131502 - Ether / IP / TCP 172.24.99.60:36310 > 142.251.12.103:https PA / Raw
2024-03-08 21:50:19.144811 - Ether / IP / TCP 172.24.99.60:36326 > 142.251.12.103:https PA / Raw
2024-03-08 21:50:19.154246 - Ether / IP / TCP 142.251.12.103:https > 172.24.99.60:36310 A
2024-03-08 21:50:19.156038 - Ether / IP / TCP 142.251.12.103:https > 172.24.99.60:36310 PA / Raw
2024-03-08 21:50:19.157693 - Ether / IP / TCP 172.24.99.60:36310 > 142.251.12.103:https A
2024-03-08 21:50:19.159218 - Ether / IP / TCP 142.251.12.103:https > 172.24.99.60:36310 PA / Raw
2024-03-08 21:50:19.160482 - Ether / IP / TCP 172.24.99.60:36310 > 142.251.12.103:https A
2024-03-08 21:50:19.169838 - Ether / IP / TCP 142.251.12.103:https > 172.24.99.60:36326 A
2024-03-08 21:50:19.171314 - Ether / IP / TCP 142.251.12.103:https > 172.24.99.60:36326 A / Raw
2024-03-08 21:50:19.172470 - Ether / IP / TCP 172.24.99.60:36326 > 142.251.12.103:https A
